1000050134535860224
1000499544
1001499086162485248
1001663707045421058
1001769760596676609
1002260322923794432
1002666643040894978
1003107003693137921
1003662615661436929
100380798
1003895325025865730
1004022175
1004085488859385863
1004804740105035777
1004840093843062785
1004894980962336768
1005109905173426176
1005148131091275777
1005798791918866435
1005846500583321601
100588178
1006165181871910912
100624930
1006419421244678144
1006709624576229377
10069612
1007560450748354560
1008340728114601984
10085312
1008688766062661632
1008765170359914499
1008989176690298882
1009064359664816129
1009546724
1009900083402461185
1010321477772697601
1010384732759252997
1010583751460622337
1010593116
1011624486
1011719605981593600
1011952996907962369
1011970623470489601
1012209702
101283878
1014452063533535232
101447362
1014612383199911936
1014868411275411457
101496998
1015170002
1015926956251123712
1016532597432725506
1016943828052336640
1017178987976712192
1017551740319797248
1017637447
1017962856
101802390
1018030314659164160
1018479795984830465
1019114467395866624
1019319160013250560
1019944707311403008
1019974187975430144
1020662868524511233
102071743
1020940986946596864
1021382089059590144
1024398011042914304
1024435689683861506
1024584285620236288
1025019711291969536
1025538004167864321
1025663997087862784
1026240632
1026756113973354496
1027098097
102795158
1029475507430146048
1029612428026204160
1030937854443053056
1031462358000889856
103171103
1032847027124633600
1033088633731870722
1033826336
1034205948007645184
103423283
1034875037877186560
1035014870230618112
103558423
1036089332
103630113
1036357647971377152
103652294
1037118426853126144
1037770804505636864
1037805233185976320
1038082275689340928
1038241060516900864
1038970825699774465
103936888
1039446506619596800
1039577318
1040069642
1040160799208161280
1040423860808638464
104087034
104184684
104208920
1042307696
104255797
1043185714437992449
104324860
1043745428879986689
1044241
1045110787
1045360120987701248
1045403340836917249
1045976040877756421
104671648
1046745148703608832
1046899810287071232
104711683
1047372551482167296
1047811590500880384
1048500676916076545
1049048684564889600
1049203912937545728
1049399617782083584
1049571
1050068841974378497
1050478262009262080
1050599210012164101
1050679379494285313
1050824274691416069
1050855031564627968
1051129297514172416
1052354553750814720
1052522228
1052571889007251458
105270632
105327432
1053768884732547072
1054893957652434944
1055105843472093185
1055307732226531328
1056554952154243074
1057205336778649600
1057616545428447232
1058038885765255175
1058356950113509378
1058473484
1058520120
1059082174027235329
1059675376111312897
1060027756619202562
1060338999611420672
1060349531370463234
1060638590789734400
1060751816
1060962163924250624
1061010587487031297
1061102195003809793
1062349588856819713
1063134852650860545
1063211677
1064031036
1064545651
1064780350298058752
1065397059262414848
1065677660880338944
1066773270773547008
1066812489147604993
106722362
1067298345536970752
1067849967811944448
1067857808
1068337838
106837822
106923936
1069256615386333184
1069512940926062592
1070051454235303936
1070681708826120192
1070844144287866880
1071164794563166209
1071238355780804608
107227617
1072467470
1072638936672014341
1073047860260814848
1074423603268079618
107460232
1074703760612577281
1075356324072972288
1075752891674177536
1075927117
1077181999
1077703279218282497
1077706891
1077939783727493120
107807111
1078191404
1078589024686694401
1078749802765139968
107918290
1079552179244093440
1080154047519150080
1080188052365029376
1080277407867772930
1080407593
108043540
1080485113
1080584229510172678
1080666845282213890
108094234
1081222837459996672
1081262655770218498
1081287427937968128
1081484761934319623
1082000847368679424
1082078521659482114
1082181922606858241
1082192580203339776
1082334406751252480
1082344533654990848
1082427779583541248
1082604507454939137
1083037637634449409
108338444
108352527
1084523178444099584
1085084212536004608
1085290065490632704
1085291098321420288
1085590218328195073
1085976055633141760
1086924378439327744
1087209480184463362
1087380412089987077
1087517325215944704
1087978056
1088040155926183936
1088184281669677056
1088761072163516417
1088862056705593344
1088972974764552192
1089151295397621760
1089330601553932290
1089998124
1090232196009545728
1090319989427433472
1090579343569571840
109071031
1091109116309688326
1091131241510821889
1091392843518828544
1092601088644046849
1094511423902883840
1094713876132872192
1094762324097822720
1094971056358637568
10955042
1096205507348623360
1096344586140700672
1096766566279073792
1096930291
1097428190480531457
109749447
109802310
1098589496466173954
109909279
1100266332283559936
1100377616064761856
110053699
1100695499651325954
1100765004415074304
1100838158906859523
1101838710
110194870
1101971643327426565
1103808925302849536
110396781
110417782
1104527291302916096
1105659718528262144
1105735643135537152
1105841749442904065
1106237533929783296
1106771843929788419
110692399
1107896723936940032
1108297656550318080
1108477440517656576
1108565574
110893874
1109045045649424386
110949260
1110032180237852672
1110122179
1110851071075860480
1111141276705972225
1111441004350107648
1111502678650060801
1111567384148692993
1111666763584991233
1113341312
1113852085836054529
111388931
1114674902
111538914
1115671176787845121
1115826452715511809
1115874631
1116552895401316353
111668442
1117508904601182208
1118019922108370945
1118336716425719811
1119014143590305797
1119632605413105675
1120211230659051520
1120633726478823425
1120698997327294464
1120732637298077702
1120952978393849856
112155894
1121711749873324032
1121774093739667458
1121967352181030912
1122221563829526529
1122240303321243654
1122506204
1122540879162617856
1122618943225643009
1122858502874124288
1123274196098920453
1123536127908966400
112383045
1123996182
1124001618096160770
1124544333795999744
1125425563076710401
1126026707771650048
1126223255583567872
1126511673794129920
112772975
1128339962
1128720706278252544
1128723394629971969
1130005901140811777
1130046320184446976
113030544
113062227
113075977
1131377111854342147
1131490810770403329
1131917492
113193393
1132791264242307073
1132832803
113323501
1133463477656457216
1133617192832970753
1134059457191776257
1134152253353447424
11347122
113476721
11348282
113491007
113516847
1135721977631641600
1136317807954731014
1137033067128926214
1137155819420733445
1137179391807463425
113724715
1137438540
113753234
1137750110
1138010148578897922
1138198502276784128
1138293919836360704
1138458175663988738
1138558717736042496
1139412187573673986
1139616291298430977
1140090941195325440
1141740754756239360
1141844385862209537
1142623492141211650
1143296723638337536
1143542870575595520
114625323
1146329871418843136
1146490735
1146707352
1146793748
114718372
1147329967203766274
1147477886170886144
1147535159102590976
114782468
1147865396709593088
1148122960613392384
1149048622538825729
114908717
1149258061
1149723393245220864
1150076708441251840
1150206412867416065
1150685408
1150896762254692357
1151546849024794627
115393565
1154100426070986758
1154105453317677056
1155045800
1155192538535550976
1155235128
115563859
1156645813
1156988582529306629
1157017626972971008
1157088899115544576
1157249837206843392
1157395568135557120
1158193640
1158539359
115861572
115884789
115928864
1159682513947652096
115985837
1160119192663646208
1160263164078022656
1160646781778243585
1160668060614717440
1160957211369230343
1161142582690213888
1161156626671423488
1161269334188183553
1161425097464242177
116234100
1163597265061076992
116402625
1164044033779306496
1164069373478363136
1164236689793060864
1164253063789600768
1164745693656834049
116502194
116716199
1167233156996579328
1167330903955255296
1167843938599952384
1168363259709161472
1168472395
1168793622248067072
116889724
1169016223755096065
1169901198180139008
1169989273468190728
1170029571942563842
117004374
1170216594414243840
1170728502825500673
1171109054
1171119095267377153
117122035
1171659473880059905
1172545640360022019
1173497359193391104
1173716417008549888
117514417
1175947712124063745
117602839
117667331
117667573
1176861007303585792
117717402
1177439542921445377
1177652599392276482
117777690
117810351
1178452608794726401
1178534086832316416
1178704911426564096
1179547142802817024
11801292
1180903581391605760
1181176017739812867
1181403234998587392
118166719
1182090678999736321
1182346921920348161
1182414904768118784
1183279797654511616
1183485474880360448
1183698123719200768
1184469222
118459189
1185532946473721856
1185682077502627842
11856892
11864172
1186998400601993217
1187055258712924162
1187741058471477249
1189841394480959488
1190062463573581825
1190278538856939526
1190453118
1190788202736435200
1191426902587633667
1191477568492515331
1191767403610492930
1192160073897988096
1192589954699976704
1192683773793452032
1192861100804575234
1193360570080059393
1194152189142417408
1194909153220710401
1195025771368239106
1195054054952570881
1196226398760779776
1196806203634049025
1197020390788227072
1197248386832969729
119827639
119829799
1198708351732981760
1199517753025187841
119972954
1199779543533473792
119980865
1200003104932016128
120028275
1201730863035142144
1202360001123143680
1202415019771584512
1203485067906932736
1203799034869235713
1203874525168844802
1203970214280359936
1204828809993830401
1205226529455632385
1206596573192437760
1206726690195554304
120674657
1207099404257234945
120720108
1207264403248140290
1207293412514373632
1208072844032258048
1208160128060379136
1208293000511574017
1208536061984546816
1208795284718915591
120891135
120900951
1209497287
1210498529325539328
1210757976002220038
1211805558514184192
1212247565850177536
1212560564225900544
1213060990822076416
12133382
1213446779535937542
1213671590522540033
1214648962491269125
121489431
1215388154
1215462115592560640
1215677004911120390
121588816
1215985466958209024
1216033469316390912
121639467
1216793092134723586
121768165
1217912953657274368
1217917146421960704
1217922136343490576
1218486727032967170
121853848
1219232377605644289
1220034889879187456
1220056834515578882
1220645714
1220663127601057792
1220843046125940736
1221192091113533440
1221242033530195970
1221462414744596483
1221554431541633024
1221802128827613184
1222084828100775945
1222222757812940803
1222413589924982784
1222773302441148416
1222796311168077824
1222894323152195586
1222994186552643584
1223263208
1223295873116987394
1223389308
122396513
1224131065381642246
1224765856737046529
1224822834255495178
1225382429080391680
1225929222839046144
1225971763437330434
1226009798543474688
1227930246
1228268170126991360
1228805862363455489
1228852658892689408
1228986439909748736
1229449496389705729
1229752606714728454
1230463969
1230681192334286848
1231262875571933187
1231514832479948802
1231676010006888448
12321952
1232441210805026817
1232783237623119872
123281100
1233171795974524930
1233515835634913281
1235377601331507200
1235584294111850496
1235675502737870848
1235696982242611200
123581921
1236011601611952130
1236816024281976833
1237120155689369600
1237516842303991808
1238370241169616897
1238492109897895937
1238583088998830081
1238635203909890051
1238949674989416449
1239066462356008960
123910041
1239214952151465988
1239622891
1239700053498855424
1240165316
1240233117543211008
1240245903916593157
1240908561292513280
1240937077258117120
1241372338928656385
1241414007355047943
1241591213578317825
1242194406720954368
1242358474568347648
1242409188
1242611880683884544
1242637301395701760
1242670205572005890
1242879947594772480
1243159734028505090
1243325582516973569
1243560408025198593
1243633084874047490
1243679597729910786
1243884230532366337
1243976208154529795
1244168705816190982
124418093
1244198220366000128
1244266306485932034
1244795359097958401
1245422747238518784
1245497034565615616
1245641653521494016
1245713665959043072
1245843601390817281
1246004181372211202
1246108842452189189
1246190628427317248
1246357837711921154
1246440482760085504
1246825028274008069
1247020867529453568
1247141350379786240
1247223374717296647
1247550691528376322
1247952714216214529
1248046100390359040
1248242107959128064
1248259588685692928
1248731077075664898
1248731311608651782
1248759402
1248772656435871744
1248813977162985473
124895579
1248996730940448774
1249867292
1250100383646711809
1250567566948331520
1250835041455943681
1250863636551270400
125143408
1251559552681558016
1252324904
1252614970900086786
1252988129708929024
1253116554633342976
1253672034
1253939558514692098
1254054380548038656
1254420180
1254449478
1254544293483536385
1254602482774237185
1254707039500144640
1254891029179830272
1255070696549613568
1255629140562046976
1255711945342115840
1255909267401510916
1256267334169362446
1256595851859726337
1256875830791139329
1256971001281249283
1257158389
1257202350596386816
1257667158
1257712088031559682
12579352
1258014527771349000
1258129712
12588712
1258884036577157123
125972392
1259818577785307137
126042283
1260515654811242498
126062842
1261279250365087744
1262456293157003272
1263559748395454466
1263818856759361536
1264171625248948224
1264331010478571526
1264873751340101632
126489260
1265090871365697544
1265187595161464833
1265761679947771905
1266006636000358402
1266340110158749696
1266474230
1267300532319711234
1267462011153195009
1267651286544990208
1267850215614185477
1268223690480615424
1268409736774352899
1268508296
1268611957
1268848730754756611
1268999726453719042
126900643
1269429036972998656
1269530913152462850
1269967012471717894
1269990092
1270079784752644096
1270133776748855304
1270331748505669633
1270753915424911360
1271049784170893312
1271147392855953409
127290914
1272965437521907715
1273774962495627265
1273960637304115200
1274177277207576576
1274202451785236480
1274222054238228480
1274226271468257280
1274450883460255745
1274647295657758720
1275209472
1276124900
1276323528313384965
1276399597175427073
1276403757224546304
1276869937211101185
1276900617324236808
1276904608032591875
1277735065737326592
1277750250023858177
1277802780233658368
1277992547428765696
1278255293030371329
1278401163373707267
1279903151861235718
1279965987844964357
1280418718154027012
1280454331410440192
1280533623561687043
1280585659699224576
1280699967359746051
1280806876435767298
1281240837897121794
1281280321594494977
1281558526981279745
128182333
128219555
1282394577178112000
1282511778522382336
1282645595946135553
1282853745945202688
128290790
1283900598
128402033
1284750741706440704
12848262
1284890693907951618
1284974744727511040
1285142677
1285240844
1285465390252986368
1285594911803416583
1285621446
1286161147
1287041575604957184
1287330333302624257
1287473789102678016
1288252277187371012
1288556192185319424
1290556303501189120
1290635110149169152
1290648993513472008
1290779506911977473
1291868311
1292179590702653440
1292330337364664320
1292476725977387010
129286218
1293113010941296640
1293684334805884928
1294430907814666240
1294741
1294772487742521344
1294935649
1295064923685310464
1295262247124496384
1295405245011460096
1295537216467296256
1295783797007425536
1295958600
1296189449747931137
1296279134079823872
1296429624252080130
1296548400
1296649964517457921
1296937042400743430
1297267109114851330
129772578
1297798760529985537
1297916617700016130
1298243926420267014
1298356412628627456
1299075820389044225
1299307855091171329
12993222
1299433878
1299699923420672000
1299769218
130104942
130120037
130138925
1302167932114411520
1302611901613039617
1302992195348320256
1303043874470985730
1303398862531579904
1303719423564484615
1304036484920606720
1304090376723202050
130418499
130491582
1304983082097811460
130557513
1305905756441542657
1306123686
1306160342695907328
130617778
1306646638979624960
1306676374128799744
130668639
130678087
1307310411411124226
1307727839937036289
130778462
130839126
1308423406749200384
1308494794713370624
1308877368627519489
1308898319150841857
1308972832513298440
1309124100133191690
1309391725765459968
1309417499398746112
1309762062
130980745
130997057
1310150012282830848
1310240355858681856
1310293913211744258
1310698636427190273
1310945286659997697
1311333942381875200
1312028370088144896
131223120
131226723
1313481239668678657
1313568309506453506
1314241954058833926
1314669755555483649
1315053256343719936
1315423689601507328
1315921093
1316158478642294785
1316312069004685312
1316468089018609670
1316509001253752832
1316523898989617153
131711235
1317150842735177728
1317580765522202624
1317720540
1317817827970134025
1317940454084825088
1318537581185896448
1319040410656886784
1319132383040344066
131926473
1319277014369538051
131935861
1319430305581731840
1319542778817282049
1320463487257247744
1320664696886751234
1320773699528699905
1321505685813760000
132173493
1321788177884057600
1322016081465217024
1322155395146797056
1322420269
1322482041062100992
1323090408730062849
1324032249218682880
1324293617347944449
1324488980285530114
1324850292974882817
132496568
1325078548080627714
1325141531406184448
132540893
1325563478
1325992895334256642
1326139149426941952
1326889278664658951
1327224409938124801
132731802
1327843160
1328835121970110472
1328916404280594435
1329215021641961472
133010823
1330437708
133068989
1330936414217781250
1331107444416770048
1331208661595774976
1331528215899344896
1331899815140143105
1333273132547751936
133338929
1333441128721502208
1333444282200502274
1333774146807980033
1333951681730666499
133397127
1334073291766603782
1334390790
133444325
1335755932702224385
1335772598
133584406
133599328
1336381549374267393
1336757000202579969
1336824516
1336929872913035264
1337398388
1337725045
1337754019163496450
13382052
1338440204005281792
133880286
1338892910549475330
1338994562090602497
1339619325578240000
1339796151688683520
1339799065232506880
1339835893
1340093943879512065
134067341
1340750794480623620
1340842327598899200
1340885244577263616
1341233976434782210
1341381270
1341712914160496640
134196350
1342967244
1343351860342616064
1343505621677715461
1343644345195520000
1344256277518692354
1344672139312562176
1344762633786822658
1344851376371888129
1345510355603099648
1346461844496498688
1346492377448398849
1346741951375187970
1346781110504747008
1346847727536238595
1347250338
1347521487368908801
134758540
1347590586627465216
1347769501228568577
1348027186276671489
1348196978052591616
1348803690191351811
1348930324047286272
1349053179552440320
1349087733793382408
1349154719386775552
1349395827362590730
134939868
134975165
1349869653816823813
1349922686898724864
1350150750966603777
1350437740542906369
1350539645872963584
1350543516166979589
135057733
1350856648391335940
1351236267707654145
1351284403801108481
1351328967672918020
1351635026383937543
1351941454223040519
1351954028163452929
1351978591060451328
1352287997853622273
135371497
1353831471283392512
1353951913650266113
1354107559964073984
1354459849187356676
1354525155238801413
1354919270375940099
1355166823306702848
1355218452
1355398340
1355694402857918465
1355721251180961792
1355745767726620677
1356228779748823041
1356282424313999361
135637639
1356739258300723202
1356786368656138241
1356958547603513346
135703663
1357061886286602240
1357081236527751171
1357131432804700160
1357259774
1357843413069160451
1358064335415877635
1358883631
135890983
1359532099
1359581713198960647
1359683972884619264
1359814016617639937
1359870889110642697
1360035053464547335
1360098198
1360188996517781504
1360664442304823298
1361083361675137024
1361142865728954370
1361726568343699457
1361914237
1362178110230122498
1362322526118969346
1362794760
1362805552162701314
136288132
1363365594272133120
1363486667622014976
1363949995
1363960435788173312
1364003111195480065
1364318084060880902
1364615480124846086
1364639441604800513
1364953290
1365404079388839940
1366193792873762817
1366251064614248460
1366446942922956802
1366537530519154689
1366642539353186307
1366839215686889479
1366928207849484291
1366950227240906754
1367092300627771402
1367264302445469696
1368497215275081729
1368799567190237188
1369074408388714500
1369160185315430402
1369225110146588672
1369701486
1369996615428108291
1370194084598587393
1370616208928747520
1370753384077262855
137128466
1371591649013288960
137198586
1372166406972661770
1372586612438179847
137304715
1373531468744552448
1374059611
13748562
1375036297
1375127026840039424
1375392201161719815
1375846488031432705
1376373064875659270
1376405345665347585
1376709819613253633
1376756334717190145
1377870981113372673
1378022598752223235
1378096248486387714
137892503
1379212824451375106
1379744641226969093
1380060790108127232
1380265270137257987
1380505439402606592
1380775691621388288
1381084029932474371
138168339
1382013875168669705
138203134
1382294596420575234
1382319109061369856
1382337056412733443
1382431445063495688
1382669894789988357
1382912376597479427
138330586
138344976
1383635482198757378
138372303
138451153
1385500920570683394
1386007666921771011
1386738793894588421
138730371
1387497871751196672
1388207018
1388815744331259908
1388819128052506627
1388928926869753857
1389426252969218060
139069834
1391384620000849924
1391482869906825229
1391787330
1392078209588543489
1392129510817009671
1392378096
1392483492
1392576502177443841
1392848761991405577
1393176420592017410
139328853
139352693
1393919503600336898
1393936924830732288
1394444230328651782
1394953846212890629
1395062400
139531687
1396166528287002626
1396958374344871937
1397725068738826240
1397967850158100487
1398007101159481344
139806274
139823781
1398318421918502912
1398779106217631744
13992132
1399327083617259521
1400678531751763974
1401095570928783365
1401608986206556177
1401628320308023309
1401963978109169665
1402192935056195586
1402269417065615361
140252240
140496030
1405561337791516674
1405949898604703744
1405991133017169926
1406220117638266880
14062554
1406892875233693699
1407045653683900422
1407324806421237761
1407541038034554884
1408142352
1408348983253082118
1408433224926306304
1408671853
14089839
14091091
1409491652
1409613542068613121
1409726425
140976305
14104027
1410580580454989828
14106476
1410700164067647495
14107202
141141836
1411982810
1412036527
1412125415993397251
1412464003926966272
1412646787
1412650915
1412897313907900420
1413055064
1413622426030813187
1413906206326935564
1414045007460265988
1414977588
14157134
1415773931542351876
1415875893524791298
14159148
1415950381494849537
1416832546936082436
1416846409865867267
1417032846707806213
141706091
141715281
14173315
1417499071388979203
14178225
1418251818317062145
1418358225351544832
1418439693939744768
1418535365887987712
1418548601249222660
14193053
141932888
1420351245819207681
1420492295284080642
1420529744311988233
142061184
1420915509747503108
1421125370661806085
1421417927769829382
14216661
1421835080813666306
1422044577079377924
14224719
1422506196431347713
14235041
14243046
1424639970
14247236
1424844847115079682
14251225
1425368203996372994
1425867981112893448
1426046580507824129
14260960
1426110037806694402
1426408705294094337
1426522898
1426865454
14269008
1427390492531036188
1427453911070347267
1427511061817831456
1428722963898159111
1428737997776859145
1429081122311393280
14291684
1429173826689064961
14294400
14296273
1429669020563689480
1429798266762252298
14298769
1430264960475615235
1430731923685400579
1430814969973526529
1430905832246370308
1430923653168852994
1430992784396365832
1431133336504766469
143148850
143159404
143212610
143214528
143222251
1432260061955452929
1432413874548994052
1432905655539617796
1433730565614702593
1433929250013433862
143415291
14342564
143427448
1434458131548016644
1434822869750517761
1435023354872745985
14353202
143587570
14361155
1436143642964475913
1436175361453150208
14362766
1436575272
14372597
1437276203312984070
143750506
143779403
1438138473425297408
1439329794735296515
1439532902883151875
1440005875763236865
1440605679203467266
1440685516110774276
1440903363508408325
1441111022283079682
1441129611144826880
1441585487316062223
1442034459096666114
1442256078259974154
1442364429027328003
1443349716943572995
1443356990
1444421240521773056
144478864
144525228
144542683
1445454626522755078
144562470
144562875
1445960184929550348
1446041880249184259
144611647
14461561
1446484946294644739
1446535032982679559
14466538
1447010281159331850
144707987
144730054
1447541603015528454
14476016
1447667417161760769
1448315876890062850
1448820035015770116
1449405863995879427
14499829
1450163347
1450407221565837314
1450924489374588928
1450996008465440774
14510678
1451164772934696968
1451207907098431503
14513611
1451773004
14522537
1452337916701777928
1452540515979653122
1452626837004173313
1453055798800621570
1453307935921168398
1453677224171905024
145369414
1454476328103600140
1454688683756437505
14547319
145476250
1454788050572222475
1454928205
1454988636
1455176358749999104
1455488181667725319
1455664191545745411
1455952964397457408
14559745
1456025947719622661
1457494115470434306
14584731
1458561729189851142
1458643992996896769
1458648751170535427
1459232030
1459266904791601157
1459590978
1459629413671190530
1460501311430950913
14606079
1460650206844837893
1460733874724487168
146123790
1461518230690971649
1461669947772485646
1461884280536059912
1462199370636570625
1462460095674167302
1462548977367359490
1462791941301542914
14633767
14634720
14635295
14635601
1463569990255366155
1463804817554477058
1464524368797745156
1464847548535955460
1465347964252180493
1465353868624207873
1465535890252451843
146569971
1465853819003232260
1466129890147811336
1466226386885033994
1466586706576961537
1466750857
1467197713422991363
14676022
1467770658922942469
14677919
1468029408535453697
1468246640209371147
1468354111964086274
1468505118295625732
1468622868032466946
1468961041
1469049424521355270
1469151855074762755
1469187362043219971
1469264387512979461
1469429437280182273
146958450
14695985
14699520
14700316
14704278
147050008
14707794
1470944601309528072
14709805
1471232646294474763
1471475005926035458
1471502225096642561
14717311
1471772638456389633
14721982
1472371170758512653
147282282
1472840303564537858
147324343
1473249066
147401660
14740721
1474684988821950465
1475098514451480581
1475455398115225603
1476133082
1476359687427686402
14764240
14765253
1476729703905906689
14769030
14769238
14772775
1477809182317301763
14780915
147833076
1478364831602417665
147861172
1478709129074069511
1478729268981084162
14790966
1479127693077721092
1479186952045826048
1479377348633915392
1479499011895738369
1479527039686385666
1479667621867888644
147991962
1480266661768966148
14803951
1480493394363392004
1480575264631537669
14808226
14813054
1481350932663349253
1481377905573871619
1481633428365848580
1481748163254165505
1481868054
14820509
1482328498958213124
1482557020528332801
1483196161401901056
14836197
14837621
1483794432793010178
1483989843164209154
1484335098967126016
1484558234014949377
1484811555267133442
14848513
148529707
1485418522679382023
1485667787548737538
14864828
1486569875262742529
148683377
1486951336302510081
1487729120444354565
1487820345692332032
1487913312746622982
1488026569
1488220646450638864
1488251711605067780
1488460177363939333
1488490863651139590
1488785209
1489012795576180736
1489164711652466688
14892220
1489389200445214721
148950709
1489683283864608768
1491138488061857792
1491266563436990464
1491291200929689600
149177956
1491826902
1491835143266476034
1492574423290990595
1492628329287012354
14926475
149282848
14930580
1493422299462402052
1494031609217048579
1494675681841758208
1494799852571607040
149522272
1495350991
1495480590572961792
14955353
1495961644949721091
1495998002909126662
1496052422535524353
14962779
1496668119749648384
1496723055506169856
1496774516
1496808190700363779
1496850942209183744
1496974090506162180
1497024001314590725
1497193035028963365
1497266140036411392
1497280599706460160
1497304735887638530
1497447437841182727
1497530041504350208
1497548523310510084
1497649756881006593
1497696140568969217
149808530
149812539
14981648
1498176452084256772
1498326793
1498829233111678980
1499221814
1499442188572315650
1499831533414371342
1499881545271808004
150078976
15012486
1501329012865388546
15022885
1503982061459505153
150419399
1504496617
150466727
1505100747393880074
1505481949854502915
1505862175566573570
150633655
1506365000872566792
1506482726
15066876
1507111140308008966
1507285884034596868
1507338108
1507828874603806727
15082486
1508508504
150856088
15088481
1509253354232373248
1509403426358136835
1509485933330333701
15099539
15102849
1510386081857908738
1510918164
1511195796166819843
15115280
151257881
151316039
1513302162742603776
1513322040
1513728013
1514752100
1514803698
151543415
151606599
1516654448252428292
151669116
1517138478
151967576
1519997904
1520202720
1520571438
15210670
15212187
15220768
15221598
1522696928
15228276
1523891821
15248759
1525544353
152656121
15279429
15279451
1528999112
15309804
1531521632
153420950
15344159
153490014
15361389
1536236778
15372495
15384720
15392486
1539378523
1540529606
15414356
1542862735
15429807
1543321040
1543455450
1543664064
15439005
1543986138
154462641
15446551
15447522
15450660
15461733
15469000
15480566
154830217
15484198
1548756944
155062488
15519502
15519544
15522308
1552409378
15537302
1554484200
15545122
1557320480
155814794
155823836
1558406653
155893805
155930120
1560459038
156077839
15614141
156291261
156306739
1563157520
15647676
15659814
156653779
156737999
15673997
15675138
15676944
1569554466
15698452
157152601
15719868
1573121173
1573800344
1573873243
1573943426
15745368
1576033008
15762575
15764644
157665977
1577541374
15784302
1579047140
15791186
1579290116
15794927
157981564
158009210
15801906
15807351
15814350
1582094382
15822295
15825577
158471931
15852801
158708439
1587256842
15876845
15879633
1588068188
159060632
15907183
1591400760
159146922
15926892
159426974
159497169
15954997
1597408068
1597474447
15976705
15978244
15987296
15987376
159955958
1599615734
16005515
1600678208
160094489
16012783
1601621624
160244947
1602679219
160271132
1602913392
16041234
160435818
1604444052
160491775
16050065
160547588
16071642
16077204
16094885
160952087
161009668
16108971
16116288
16133530
161427410
161505969
16153562
16160352
16164781
16168504
1616988301
1617921176
16185879
1618718016
161988348
16204351
162063442
162071541
1621201316
16212685
16212771
16213404
16219502
16220555
162427574
16244168
16247494
16261627
16286848
16299627
163018653
16315143
1631556349
16316895
163303046
16343974
1634512056
16356658
163576195
16374678
163746980
16378486
163922710
16403943
164060400
1640929196
164178673
164263382
164404013
16442365
1645345628
16455297
164554364
1646334073
16465385
164679813
164718384
1647573157
16476911
164796650
1648351
164929952
16503453
16503916
165054597
1651085773
16513335
1651522832
1652177576
1652253570
16523905
1652541
1653197726
16540752
1654861243
16548855
165500187
16561857
16563015
1657761703
16580052
16582131
16589206
1659140850
16596200
165996720
16606569
1661565902
16627712
166426325
16644712
16645313
16661397
16664681
1667415740
16681111
1669082978
16692859
166985027
16711026
167155452
167258099
167281867
16734909
16741119
167600122
1678273014
16798382
1680691602
168144703
16832632
1683515731
1683622159
16845710
168470806
168503417
1685873604
1686874152
16869718
16871096
16879412
1688
16891240
16894084
169089681
1693115432
169332508
16935292
169495645
169586297
1696063290
16966104
16973333
169898513
16993219
16996451
17006036
17018594
170205841
17025489
17027632
170280910
17056433
170600442
17062358
1706358680
170688082
17073913
17093604
17094311
1710341006
171084541
1710881768
17110049
17112878
17114432
1711586252
17121651
1712765988
17134268
1714358744
17145161
1715151974
17152053
17152067
17158140
171598736
1716895026
171699484
1717521084
1719253842
171943456
1720218019
17204460
172081908
1721130294
17220817
17229809
172323296
17233335
17239968
172407835
17243213
17243913
17244059
17250722
17261279
172652106
1726635955
172845798
17311902
173195708
17329538
17348735
17351969
17353325
17354805
173639428
173672963
17385685
17389318
17393196
174145542
174292801
17434625
17446621
174473050
174574850
17463923
17477864
17479606
17494010
175042044
175238215
17525171
175284183
175339579
17542586
175428683
17571514
175989309
176076613
17629860
17630756
176312000
176548558
176660635
176712912
17672825
17680050
17682476
17695133
177086864
177101260
177113070
17717593
17721737
177544561
177554833
17793878
178046898
178092530
178156240
17829133
178498462
178668890
17867050
17895820
179062372
179129274
17918891
17919393
17924311
17967467
179692021
179732982
179744495
17985353
18004222
18020612
18046301
180503626
18053163
180596658
18079909
180887271
18109429
18113993
181245414
18124790
18125466
18128717
18137749
181491054
18157489
18159985
18172905
18178850
18184205
182037688
18208368
18213483
182230187
18228708
18230926
182373921
18238409
182422417
182503471
18259219
18297407
183024552
183036128
18320938
183308183
18332190
18359336
183770461
18378044
18396070
18440301
1846263972
18464266
18468025
184763933
18478452
184959283
1852375052
185324967
18532867
18535660
18542819
18549385
185494345
1855517916
1855608446
18559001
18564887
185684821
185722900
185740620
18582806
1859495642
18604137
18621574
18626202
186262839
1864591632
186470618
18648378
18650093
1865540413
18655567
1866938882
1869683005
18703437
1871258388
187289134
1874126294
187462748
187772975
187796215
18781308
18791654
188019606
1880880194
18831926
1883312814
1883979044
1885246238
188545143
1885990177
188603208
1886630521
18869484
188723073
188793260
1891490382
1892683062
18927441
18950745
18957805
18965916
18967346
1897004329
1897328731
189868631
1899124170
18997933
18999969
190012537
19005152
1900566776
190154112
19019465
190269156
19040451
19044867
1904855162
19050314
190567544
190638538
19072286
1907609012
19077091
19080151
1908383365
19084896
1908627954
19088288
19089339
19092343
19103646
191100226
19119809
1912608373
19129719
19140447
1915033663
19152541
1917347544
191762611
1917731
191852684
191881312
1919561593
19203412
19209076
19216927
1921961029
1922781510
19231330
19233522
192414447
192547775
19268706
19282280
19288807
192942213
193055295
193441812
193566462
19362341
19370499
193722276
19386622
19386778
19397439
19397942
19422491
19426551
19429280
194343753
194396376
1944466748
194461703
19479421
19479487
19483392
19489239
194901519
19491239
1949420935
1949789970
194980378
19500405
19502995
19527964
19533512
19536434
1954432309
19557595
1956609788
19568591
1957610664
1957740362
19580931
195870839
19604599
19608297
19608718
1960878613
19617541
1962626484
196263489
196409338
19644592
19657809
19659004
19670226
1967216306
19674092
1967889907
196802928
19684844
19687282
1969346438
196994616
197087759
197208080
1972519165
1972924590
1977008468
1977080570
19777398
198056642
19811190
19816088
19823830
19828037
198296897
198357693
19843235
198584761
19895837
19897138
19902709
19906615
19913106
19918228
19923144
199386918
199452338
199516357
19977028
19983221
20000725
20015311
20015944
200163448
20023919
20029341
20046234
200511006
20071950
200846651
20094409
20098015
201066140
20108560
201421060
20170683
202124139
202390374
20253024
202590356
20280088
202884181
202928429
203123011
20329672
203307838
20362684
203650771
20368663
20378642
20402945
204273771
20427720
204305619
20445725
20446536
204752573
20479891
205129335
20518688
205242337
205302299
20543416
20545835
205546805
20563760
20565828
20565970
20580887
20581923
20581978
205864193
20589511
20596281
20607434
20610385
206170317
20624058
20631422
20646711
20659868
20668174
20675681
20693873
206979151
20699709
20702486
20702508
20707070
20711408
207137731
20715936
207171759
20764031
20772763
20796069
208120290
20812193
20821069
20843009
20846658
20904490
20907463
209176493
209397605
209415989
20944311
20946303
209535365
20973388
209811713
20995648
210149871
21055261
21059255
21060643
21077990
21084724
21088417
21131522
211639555
211953429
211958786
21212604
21220931
21242757
212445456
21249970
21251537
21258337
212621119
21313053
213243802
213245607
213466812
21365372
213769399
213903403
21406834
21411216
21414576
21430860
21436960
214476115
214558299
21461359
214692681
2147552091
214783050
21480788
214858616
21489341
2149170848
2151657605
215207998
21542518
21547158
215886213
216065430
2161051908
216116552
2161389312
2161609553
21619519
216309390
21645209
2164654172
216507928
216767555
216776631
216900329
21712671
217224930
21724904
2172593423
21733692
21769986
2177016702
2177188193
2177191430
21775167
2177952993
2178775035
217975613
2180874848
218303311
218346740
21844990
2184934963
2186460294
21870081
21874827
2187906247
21879358
21891765
219149351
219275799
21931053
2193225919
2193949099
219429281
21952044
2195671183
219567802
21972670
2199126007
22008359
22012091
22018221
22020109
2202236205
22032270
22035690
220624198
2207896346
220863206
22101543
2211735352
22129280
221469032
221539875
221575638
22162815
2216506246
221659600
22178780
2218026914
22189352
22189368
222087279
22224143
2222450347
222264309
2222903959
222350420
2224013870
2224040881
22240612
222481411
22254907
2227355222
222748037
2227646515
22308033
22317663
2233154425
223539098
2235731509
22364039
2236956066
22372121
224285242
22430758
22439643
22448617
2245238034
2245797112
2245822809
224668336
2247128588
22479256
2249045294
225338707
2253654474
2257238187
2257558088
225779417
22583070
225891527
225955620
2259809232
2260170266
22603674
2261896579
22621882
2262316596
2262542771
22630846
2263105532
226320142
226350647
22650211
2265838652
2266925107
2267964218
226844500
226979166
22708797
2270918706
22720074
2272111265
22730752
22731900
22736250
227531567
2276080412
22771961
2277445532
22776133
22778202
2278506745
22799257
22802715
22803269
228144288
22831232
2286056016
2286189025
228686553
22875032
2288308578
22887941
2289770467
229016226
22907874
229195516
2293131060
2293415520
229454207
229552128
2295925314
2295997100
229623319
22971125
229765277
229900964
22993014
2300453384
2301114914
2301628435
2301844336
2303817488
23046015
230525285
2306106470
230621630
2307205771
2309156653
2312547608
2313027666
2313052066
2314018987
2314055840
2314087860
2314227096
231510077
2315512764
2315823672
2318108012
23183455
23185764
231879007
2318865943
232187050
23242375
2324991210
2325201420
23254726
23256756
23258865
23259015
232638078
2327654917
23283299
23293734
2329492448
2329891840
233018450
23303713
2330575099
23308143
23314049
233186560
2332818674
233343317
2336306731
23371841
23372297
23373153
233783568
2337866346
233788247
2338024555
2340836365
2341419487
2341433004
23418821
2342371519
23452847
234535697
234694571
2347940717
23485208
235122381
2352238838
235229140
23554832
23563830
2356606376
235717819
23572083
2358057750
2358617670
23588075
2359337692
23593446
23603092
23607137
2360816491
2362520713
236818401
23691582
23693677
2369799780
23700113
2370283937
2370830377
2371064395
237139888
2371458720
2372317417
23728507
237341484
2373544872
237417499
23754018
2375882414
23763190
2376382104
237670274
2377589106
237798969
237845487
237860489
23807759
238088181
23817095
238175917
238220689
2385521406
238575113
2385858775
238601040
23865085
2386933809
238724300
23879043
2388075212
238856888
238861315
2390400452
23905560
2391494680
2391589446
239210681
2392201764
2392268031
23937894
23951122
2395548546
239555645
239560078
2396153558
2396188842
2397559128
23992683
2400284491
2400916699
240095783
2401117104
2402310888
2406093795
2406791192
240699607
2407993940
2410732986
241083553
24109979
241204643
241215352
2412223020
2412307836
2414812230
2415072836
2415132730
241534687
241581504
2416121735
2417150558
24172612
241731661
24179879
2418068074
2419132794
2420267570
24208132
2420848054
24209167
242098879
2421067430
24211594
2422634642
2423537112
24238030
242426145
242555999
2425571623
24261916
242827267
242836537
24290265
242943134
242957292
2429615682
243032876
243144742
2432830728
2433046586
24336528
243413063
243518851
243525545
2435596224
243568454
243878865
2439127994
243983947
24403753
244049123
2440992621
2441666255
24439373
2444122315
24442486
2445134780
24457744
244647486
244655353
2447103876
2448742807
244917756
24516595
245347370
2453483250
245424983
245480847
245548093
24585903
2460279166
2460613650
246070116
246103
246130881
2461810448
2461924214
24630350
246357149
246375995
2464473097
246532728
2466081849
246667561
2467791
2468886751
246939630
246961837
24698180
24700876
24711820
24712487
247125507
247174365
2471773471
2472215760
247222241
24733117
247412653
24745957
247552110
2476781828
2477282239
2478148638
2479226604
24794881
2479789014
248187579
2485094839
24858717
24867609
248735463
248774714
248801998
2488120117
248905682
2490890594
2491804962
2492039959
24928809
24950207
24954627
2497012915
2499232428
250134112
250140366
250188760
2502967792
25032802
25049056
250642993
25067168
2507342209
250778222
25098482
2512929031
2517041226
25175356
251821643
25203361
25219709
25235198
2523697640
2524538106
2525149488
252521025
252553444
252569527
252591743
252608121
252751061
252793413
252794509
25280477
25284832
2529819272
25298261
2530098589
2535367145
253591977
253615321
2536395554
253738279
25377135
25412283
254152617
2542290469
254515782
2546255593
2546715232
25467533
254854157
25516222
2553151
25531732
2553273530
255340030
2553418813
25535595
255369151
2554131522
255416094
255452116
255471924
2555093407
255513598
255739863
255804172
255807625
255812611
25588758
25598396
255986116
2560243971
256159524
2561718665
2562240601
256540156
256611490
2567243190
256833444
2569219368
2570178294
25702314
25718389
2571854922
25723601
2572844671
2573480784
257548783
2575651762
257593
2575993406
25762345
25763021
25793174
25795187
2579554963
257959346
2579614256
2579979278
258124400
2583099904
2583270112
2583382082
2584102614
258610634
258730399
25887412
25911963
25919401
25926296
259279916
25936696
259388294
25950355
2595088842
259602009
25960714
259725229
25984418
2598999181
259973639
2600066592
2600374380
260059352
260062202
260106537
26011538
260130285
2601869406
2602262088
26053643
2608740770
2610556160
26107096
26135056
26138685
26149716
2615581908
26160313
2616995078
26189696
261941210
262129499
262219168
262910171
262953230
26306441
263129271
263547117
26361656
263677606
263874598
26391380
2640729706
26417909
26443215
264670160
265154042
26550418
26559980
2656
266101459
2661321175
26642006
26657119
266792620
2669349643
2672715140
2674405074
267466564
26747482
267570919
267617109
26775504
2680578257
2683210415
268378872
268385416
268416076
2685926647
2689237501
2690515189
269188684
26922371
2692420788
26926580
26947623
26949736
2695143194
269545003
2697123192
26973844
2697503870
269815420
2698422738
26985345
269993741
270064609
270068926
270102263
270132611
27013292
27013347
2703702428
2704027533
27045167
27049579
270569708
27069390
27078238
270921976
271044800
271074952
271075882
2711212681
2713628120
271445418
2715046843
27153523
2716097640
2717254872
27212075
27212119
272196949
272478734
2725669979
27261375
27282113
2729061
2730508364
273107148
2731331700
2732180892
2732591676
2733035318
2734061125
273552695
27379820
27382158
27386099
2739667932
274002405
2740821001
27408267
2741035986
2741335327
274369575
2746166349
27462105
2746723868
2749315621
27493883
27555735
27563362
2758100418
27594032
2761470155
27660239
276688330
276713213
27676108
2768501
2768922824
2769370660
2769875597
2770055724
2770294381
27715051
27716419
2772798101
2774243821
27749616
277587469
2776026572
2777873348
278161123
27823555
27830610
27831488
2783875490
27839973
27843318
278635502
278894750
2791988124
27922157
27931710
27933405
279390084
27943005
279454590
279456269
279673090
2796861798
2802212405
280562113
2805934129
2806253912
280664117
2808650785
2809144724
2809661873
280980769
2811837447
2811853882
2813049204
28131891
281325407
2815850443
281774134
281826197
281897397
281993702
28213817
2821564415
2821767551
2821965207
282273742
282307872
282617380
282619516
2826804048
2827076514
2827085194
2827556878
2827865725
282790593
28279637
2828045505
282914879
2830600891
2831637409
2835431183
2835451658
2835886194
2836421
283706081
2842944151
2843122691
2843218126
28437034
284590933
2846058853
2846809907
2849003702
2849102111
284920800
284933456
2849876151
2850509662
2853461537
28537321
2855536962
2856889254
2856891904
28572183
2859022449
2859051989
286014324
28602948
2863006655
2863996955
286554423
2865907814
2866589778
28670713
2868001836
28690225
286955909
286998245
2871121249
2872409272
287314231
28744383
28745526
287568380
2876041031
2877409296
287834630
28785486
2880610310
28808016
2881236430
28817015
288277167
28838219
2885493519
2885731709
28863416
2887048652
2887530023
288902530
288955712
289118612
289186412
289273038
2894399038
28955739
289697322
28970958
28978705
289822163
2899105710
2901324041
2902017319
290308014
2903133183
29044617
2904817113
2905120397
290788299
2908699057
290971505
29097819
29098641
2912663664
291336460
291366918
2915239839
2916395070
2917059294
2917736960
2918161040
2919548734
2920030904
29201047
292053511
292276251
2922766401
2922820864
2924464069
2926482371
2926505202
29270341
293131808
2932460195
2932558313
293456299
2937740737
293834848
2940460727
29418196
29420301
29422823
29427144
294292505
2943549147
2943739141
29442313
2944677281
29455588
29466408
29472803
29489360
2949261587
2951027582
2951573627
2951601697
295176651
29540950
2956836471
295875160
296023958
2964161673
2964174789
2965530000
2966570782
2966770391
2968451607
2968463795
296945826
29709009
2970985171
2971201923
2973229971
297323259
2973623507
2977083957
29770862
2978018901
298218641
298410389
2984679029
299026077
29922585
299273962
299502506
29950545
299610680
29979814
2999868527
2999876575
3001691374
3002029764
3003083709
3003886063
3004269184
300510416
3005691210
3007815702
3010780784
3011322340
3011533340
301153873
3013134197
301326338
301352485
3014537423
3015305734
3018287127
30261067
302877517
302881437
30292495
3029686011
3030091312
303258875
303324434
3034814919
3035923523
3037232182
303862998
304054410
3044584264
3044739166
3044993235
304679484
3047925973
3048500449
3048553131
304856790
30490834
305216911
305482111
3056307455
30614332
306209103
30644410
3064984647
3065680671
306823512
3068280769
3068764060
3070809303
307310688
307562004
307755781
307823204
308062165
30844417
308463066
3087491573
3087881119
3088563219
309405547
3096865030
309705905
30976515
31013444
310662144
310746442
3107986683
31095168
311062353
31109461
31114386
31122582
311340010
311340314
31135856
311677386
3118169458
311849071
311899155
3120463745
312057955
3121619838
312412918
3124541422
3124786444
312504426
31252613
3129968261
3130071555
3131144855
313199716
313307103
31337502
31349311
3136383866
31373289
3138198828
3139235347
314024592
3140730672
314388935
314437348
3144740240
314587185
3145959239
31488410
315009094
3156867768
315950881
3160248614
316237866
3163272192
316464915
31669146
3167508269
317143861
317340647
31734071
317615319
3181191522
3187361102
3187848737
3189885294
3192463742
319268829
3194991238
31957479
319619581
319677725
320822503
321871451
3219321554
321954654
32201814
32210438
322268143
3223426134
3226113792
3227865816
322866759
322889483
322913191
3229440529
3229633450
32302688
32312179
32313637
3233032387
3233835926
32340937
32372834
3237611533
3238423962
3239753251
32399655
3240753078
3240983561
32424767
32431468
32467167
3246790436
324684750
324703658
3247652319
3247703020
324780216
324834702
325183830
32528575
3255042949
3256875637
32604867
3260680316
326071624
326184301
326187606
326229600
326545518
326665662
3267456386
327206200
327586815
3276863125
3277827936
3279277182
32804515
3282033720
3282955777
328300671
3283865264
328406897
328576792
328634628
32871593
328756439
32876210
3288075858
3290364847
329245246
3292597556
32950484
3295485109
3297800601
3298227152
3301957390
330204979
330262748
3303457302
330378192
3304320810
3304720226
33055795
33056274
3305890749
330826792
3309450532
3310125162
3310505366
3311437198
3314060295
3314652765
3314775459
3316839953
3317763991
331854460
33216799
33235771
332617373
33276161
3328441100
3331851939
3331875599
33337778
333555285
333675474
3341278667
3345612251
33467691
3349925638
335195929
3352886781
335312037
335602448
335759893
335894103
3362160970
336851461
337122857
33727663
33779559
337808606
33786315
3380282686
33803885
3380514111
3383159573
338335964
33841938
338457230
3384987100
3386968023
3388100499
33899120
33933259
33934492
339351467
339435210
339559375
339636326
339697820
339724344
340144317
34019598
3401967448
340212232
340301443
340351070
34036028
340418291
34067422
3407247983
341190477
34180269
3418836193
34200840
34217608
3422295293
34230904
34247411
34262462
342863309
34291213
34312259
34317032
34321294
34336977
343452680
3435514006
34367582
34374472
344185586
344395626
34461802
34503746
345110600
345157280
345275528
3453306553
34559474
3459051
346304908
34643610
34648640
346514940
3467641215
34752409
34792486
34858992
3488416033
349092896
349347318
349803020
350136416
35022195
3505913242
351120282
351157948
351346086
35157660
351744755
351784239
35203319
35237385
352754946
352848671
352866298
3529234932
35315192
35315865
353208216
353365146
35391464
35472060
355187133
355241180
3555683713
35586563
35600692
35636271
35692915
35714872
3572757192
357584312
357606935
3579621921
358432869
35914882
359188534
35934858
3598044795
36012258
3602064317
360214917
36042554
36048614
36065127
360737087
36089053
361062601
361289499
361514032
36211088
362520110
36255721
3627299718
362883053
363180823
363638351
36375825
36406830
36442519
364481118
3644915056
364632749
365118421
365216346
36532704
365548740
36638004
3664109892
366497984
366498596
366588610
366629301
36670025
36711022
3671138595
367339209
367532676
3676080196
36783847
368024466
368032559
36807767
368159785
368240745
368920797
36924726
369307681
369788077
3698187494
36984909
36999865
3702400223
3702502996
370316978
37034483
37109075
3711001
371313804
37162136
37190669
372350619
37289070
37292428
37298532
373149557
373157754
37338552
37347151
37354588
374356608
375019692
3751489228
37537946
375801620
376076845
37608524
376142780
37659695
3770574616
377430724
377609596
37779837
3778429406
378197959
37834291
378420614
378540511
37897991
379052142
37935496
37940371
37942554
3794682452
37963496
380231971
380268462
38029205
38049495
3805847837
380648579
380910579
381289719
38146999
381724310
38205414
38224970
382685028
3827830753
382947250
383046887
3832
38354090
38392608
383986280
384233102
384533439
3845950523
38474832
38489678
384923143
38495710
385162111
385289002
38531703
38539164
3856305322
38576013
3864484105
386630251
387170537
38751107
3876356669
3888585620
388983706
38989894
3899254043
389972564
38999070
390022404
3902157616
3910165539
391427701
39143124
39151934
39155029
391608808
392386671
392826652
3928989554
3930472251
39344374
393525670
393762976
3938173949
39392910
393950969
394071031
39469575
3948308435
39496081
3951162274
395296194
39547629
39555191
395674143
3956879655
3958302737
396044297
396752631
397025602
397232213
3972812140
39732935
397507908
3975345614
398042440
398422158
3987701367
399178595
399265360
3997289055
400495760
40076725
40079154
40100270
4012161
4012527893
40129171
40145940
40156330
40181294
4018888580
402365986
402593408
403353663
40353407
403796945
40415457
40426726
4043106914
404422077
40444923
404502147
404715494
404726267
4049206785
40497328
4057105886
405997483
406842374
407267845
407395156
40778270
40827722
4086538637
4091551984
409486555
40955185
409657315
409824643
40996128
409997594
410249471
4103492464
4105477510
4105532853
4106204219
411194625
41160647
41214438
412235572
412548718
4127856339
412958271
4132825992
414355638
4149395608
414946220
415170246
41646662
416950760
418147281
4181788274
41822696
418566530
419238022
419622371
4196983835
419927046
420100653
4203800363
4203890349
420398579
42074224
4211046952
4212061
421510046
42174449
4218124714
421870371
4219512258
42195974
422461282
42268102
4228046423
423035895
42362483
42371615
42407972
424083365
424291167
424652702
4249826728
42501345
42518865
425431365
42562471
425840919
42589739
426081006
4264297743
4265107032
4265884905
426909329
42691888
4269393803
4280220914
428140124
42836999
42856767
42936819
42957508
42971403
42972034
430048955
430595346
43064490
43077278
43092107
43093431
431071870
431503395
431762931
432396682
432396811
4327127414
43280157
4329207378
43318726
43338821
433782651
43413743
43447495
43525891
43601834
4361001253
4362198040
436414193
436429668
4374719908
437525465
437874669
43790163
43792125
438111039
438239060
438843965
438952587
43910797
43963249
4397367323
43976957
439968830
4403579057
440781590
4410829761
441240830
4413817101
44170913
44264309
44288405
4429003533
44303297
44334649
44335874
44425241
44487762
44513878
445586377
44590830
4459642286
446764989
447262924
447342610
4473582389
4476084275
44783853
44835347
44849238
448692159
4491069142
4491531140
449315951
449588356
45009355
45010849
45055696
450773131
45091169
452100948
452155423
45285833
45291573
452962213
453114375
45319890
453319164
453704729
454071012
454086883
454099919
45413198
4541535439
454313925
454791337
455024343
45536687
45544324
455684839
45586617
45586702
45598972
456066153
4560874282
456103659
456230845
45641327
456481822
456865788
457136882
45715838
457743272
457935001
458077039
45839623
45840503
45847408
458480423
45892306
459051498
459141395
45924487
459269265
459310999
459390022
45970216
459858173
459872442
459980306
46014915
46045904
46060764
460632677
46090688
462021312
462767536
462908518
463214687
463933187
4640585592
46479088
464843445
46501605
465193714
46525929
46557945
465938540
465973
466055111
466198757
466519303
46678624
466953226
467726691
46775436
467823431
467826020
467924781
468161947
468162887
46817943
46822887
46841910
46868978
468851612
46919079
469254346
469509327
470433696
470548083
47139232
4714522594
471516779
4718054487
471941936
47200520
47216804
47221753
472509852
4725383142
472777204
47285504
47293791
473482276
47353721
47379354
47415847
4741864232
4742724375
474336882
47467614
47467723
47471027
475063210
475245527
47583917
47592813
4765169125
476781951
47678782
477381031
4776279974
477934944
478092012
47813279
478171699
4786238905
4796679142
479984314
480196886
48100887
4811437555
4816
48161330
48172714
481762079
48205643
4823433298
4823705386
48255275
482702454
4832524551
48325671
483323163
48357731
4836188397
48367770
4836879915
484197914
48419856
48441742
484437805
4846486693
48523902
48534642
48548919
485497413
4857347771
486027045
4860596437
4860678929
48624704
4862697011
4866165495
486788914
486834536
487118986
487942988
48821708
4882273461
488950348
489377813
48945530
4896679942
489693172
4900058284
491302566
491304400
4919154620
492034179
492091982
49215871
49217025
493526610
493714995
49408718
49433916
494656641
494873646
49488097
49541179
495650403
49597955
49616273
496456374
49649465
49682880
49698134
4970411
497503665
497576314
497750790
49783954
498753368
500704345
50109331
50154666
50189290
502326430
50310311
50317463
503827583
50533849
50547719
50560529
506087033
50610631
50669520
507410602
508006873
508591081
50968251
51076040
51137387
51142785
5120691
51241418
51241574
512417432
512554477
512567648
51323915
51344925
51378153
514336667
514365260
514866289
515330012
51547100
515822213
516212230
5162861
516489617
517997264
518426627
51849115
518615888
519321215
519388948
51971452
52003080
52136185
521741894
521903527
522530914
523530643
52360480
523949557
524024759
524122127
52422878
524396430
524524991
524939820
524976990
52516962
52520708
525217471
525529987
525707128
525769818
525783599
525808515
525893577
52646302
52710136
52719612
52754791
52770751
52855610
528607113
528674835
529540495
529784320
530843344
531094076
531149538
531618878
531633997
53176629
53293606
53303554
534563976
53477253
534841923
535527833
5360012
53751609
537862213
538021652
538761749
53963427
539665155
539833719
540223123
540543234
540628749
541510033
541637104
542368417
542560242
543799267
54391597
5439842
544268841
544389588
544732668
54506896
545081356
545402717
545492506
54575030
546071988
54608439
54617733
54641489
546527413
54663298
54730258
548289031
548384458
54958094
54979079
549806678
549847480
550121941
550373091
55060090
55117013
5513002
552252043
55253258
553470488
553780392
554148367
555031989
55542822
555747010
556519575
557453711
55770035
55826082
558319107
560188351
56070554
56077211
561126730
5614412
56212232
562926437
562996358
56338737
56381997
56447187
564802996
56487665
56575418
566325946
566688127
56698179
567192377
56768709
56798488
569138219
569540227
569811318
56990538
570290656
57057518
571141141
571224644
571488084
572062434
57320778
573244782
574153827
57463142
576086377
576682647
576805467
577792575
578473361
57906313
57937201
579419881
580312540
58225873
582414351
583377732
583821006
58407339
58413196
584488724
584834521
58503762
58543537
586032653
586291040
586420487
586749256
586768717
588529096
588686739
588732151
58945187
58974496
589821720
589917808
5900252
590099044
59019518
59024550
590446417
59067938
592730371
592834521
59291617
592987684
59303321
593289567
59386332
59471660
59532544
595510017
59608571
596893898
59751937
59811175
59862199
5988062
598921658
598947276
59923005
59936143
599632006
60006673
601811574
602317143
602403521
603780694
603951538
60496760
60499296
605153786
60606206
606907410
607229707
60745428
607763133
60779696
60783724
607946179
608310777
60841112
60866631
608806162
60886384
61123963
611278121
61154684
611585332
611598902
61183568
612440918
612473
612534121
61267794
612785170
61348039
613729886
613959382
614152707
61454352
615269208
616048098
61608747
616111779
61731614
61759552
61802282
618268178
618596865
619050408
61935646
619400667
620393146
620571475
62062858
621081863
621533
6219782
62228907
62264590
62290422
622912118
62306952
62343633
624664727
62513246
62575859
62603750
626258459
62628195
626376916
626470812
626533732
627673190
62776140
62919588
629791722
63013144
63028705
630995607
631221668
63136435
631471058
631850941
63217258
63227112
6323932
632785110
633125588
63362429
63383628
633903357
634030587
634638711
63514682
635449207
636186580
64020286
6417552
6446742
64488853
64526820
64643056
64703161
64705123
64873265
64916983
64925044
6509832
65150447
65272469
65743442
65868364
66120349
66327572
66369181
66401056
66765232
66917778
67069351
67577921
67611162
67761261
67763905
67805368
67845090
67886396
67934675
68017295
68219213
68396377
68405620
68433676
68448471
68664958
68813782
68964628
68991446
69008563
69080476
69172612
69176047
69193833
69836226
698387611539255296
700637412
701696631331287040
701725963
702278455
702688843934277632
70315912
703308253
703428663941791745
703537976559607808
705539763349164032
706033492853956608
706096497230815234
706171767295967233
70656697
707173172420816897
707293805830119424
70736359
707718699013156865
707766322977869827
708130060738306049
708161240242126850
708238897688535040
70985635
709860687
709863948686909441
71048726
71080496
710810024411537408
711351010
711750460932141056
711760467383877632
71298686
713118204453851138
713133920968159232
713204454
713273274529144833
713704876157448192
713752653289955329
713799110327820288
713839291210792960
715129786545410048
716510182
716576919328841728
716688050
716823673978634240
717446052698304513
718162765
718863328060289025
720139699
720277911362605057
720504404
720594575992188928
720845823001505793
721190828
72198806
722045213301051392
722117494899679232
722242009
722431116
723017490
7235452
723970603
724385950927826944
72480697
725076563302174720
725087873569935362
72511671
725621830837501952
725685059978678273
725798322
7259302
726070073081868289
726372601
727007094
72733144
727843939634421766
727933551526748161
72801945
728604440
728673283
728840571427622912
72927328
729795376438464512
730314451
731167584
731874217
731943463
73206956
732521058507620356
732611818951151616
732748993831174148
732787392722182144
73299652
733201467855806464
7334402
73377501
733908456348868608
734411522898812928
734490578310795264
734631957238296576
735093058862190593
736470381914161152
73648642
737049250366820356
73754019
738779772
738786290313920513
739706764216684544
73981267
739844197935644672
740244738738126849
74043942
740852176508092416
740989553960452096
741693001
741769585
741769636950118401
742321348664557568
742823824794783744
743064530
743482879687147520
74382140
744260935527735296
744601892
74478487
745011926158163968
74508260
74568060
745824471689244672
746371177174679552
746377806754394116
74647710
746689086
746745695198056449
746833826014437380
747111097476521984
74712538
747349420983754752
747375639708180480
747499967040921600
747885404
74820061
748362288
748523910
749650176
749663284815626240
749986872
750531092
750658704949678081
751140576246894592
751283435382067202
751327970787110913
751615724649582593
751693692
752621952322318337
752743856941125632
754108043974107137
754664467015892992
755135678422327296
755210244377104384
755496163655024640
755903325497798657
756034621
756301949264236544
75673231
756820453549674496
757082022204538880
757144396643049472
757300766478663680
757709036414316544
757880123206971392
758114193895665664
7587032
759004362551078912
759236452588871680
759251
760099848678940672
760213207332052995
760219193195302912
760694335356690432
760732180909785088
760761161910460416
761102610
761156098447515648
761676337916502016
761819600568717312
762746481287782401
76284529
763010018
76417139
764187379
76456274
764657028
76478819
766136186268160000
766627771514773508
767396
767442185943785472
767788995962998784
769104366376656896
76918775
769201334054707201
769232694807040000
76941017
769474873
769616662307999745
769632344537964544
770759270
771027564
771611432
771746242887987200
772076126
772692799967723520
772804856860073984
774407512598704128
774445533008191488
774510439824822273
774642481
776503480144031744
7768402
777070140
77853610
7786612
778714123
778763106289758208
778785859030003712
778882057
778995402
7790922
780460754910732288
780579127279570944
780788598517882880
780899815
782018153207431168
782313907
78298637
783028986205069312
783271061211144192
783655217170554880
783724844
783792992
784107416
784218054855127041
78445977
784575415457308672
784890784273215488
78523300
785406
78586909
785905010
786307086
786764
78683448
787546010
78768913
78835016
788560328640503808
788969618249441282
78905469
789121135
789203988533026818
78998799
7900732
791077327
79117953
792054557501038592
792254042
792913410
793257211
793580816840425477
793976180751925248
79402753
795138728218021889
79563210
79688044
796888212
797179922087297024
797406769
79749258
797601069803016192
797631672363679745
798005198631436288
79813585
798727210995687424
798740085554507777
798953701972938752
798973032362606600
799077446
799080815606972416
799602973
799617770
799717156589965312
799718923541291008
799994953137057792
800262170
800285348261556224
800463336630403072
800936305
801080366
801111943775973376
801147941566169088
801203059359678464
802613662494191617
802622679287205888
802649176299466752
803694179079458816
803799339030220804
80471236
805077676092489728
805248112264626176
805372752
805421729338314753
80571323
805916615774707712
806113446546853888
806906355214852096
806977457567846400
80706659
807095
807095565028917248
80712889
80723930
807323561924947968
807357676300730368
807787995940036608
80802900
808411840590086144
80862758
808806102
809229324813352960
809310522
80944550
809586511331074048
809735065
809911176700248066
810051650471591936
810282809482944512
810585618031984640
810603440984494080
810818800627175425
811229675758505984
812269908
812361923304034304
814783710708932609
814813830
814844446051274754
814868460807323648
815297463695327234
815412119298457600
815708250217840640
815733290955112448
815739616380719105
815947759178174464
815964856478236673
816321242
817464143460478976
817923454456373249
81828490
818455148271964160
818483186560864256
818513652814843906
818624980309004288
818733968
818837224003289088
818893114979061761
819009371258716160
819014958822232064
819018303637069826
819185162479144960
819526530808315906
8197942
819799172131848193
819799183100035073
819799229325422598
819803478805463040
819803779713286144
819806874035843073
81997903
819994707061248001
820452522494226433
820611503409758208
82097756
821681572202029058
82181174
821901681231298560
822496079274975232
822591807821381635
822825713615175680
823000712519045120
823287122631102464
823579570246975490
823583545100816390
824315782947631104
824322787640745984
824836691844276224
825363704346791937
825518870421180416
825568519374790656
825765275853344773
825829081866436608
825922405453402115
826140133632176132
826178775675187207
826226272418283520
826333136
826338605480095749
826440959613337600
826631824700997633
826872000425631744
826877162078760960
827043384518856707
82709293
827333887
827358902652071936
827591294801346560
827843955106516992
827846045493125120
828038191974346752
828449816162111488
828524372985946112
828706394073395201
829343966
829488643152703488
829885482196561921
830516139281100800
830721770516738049
831201447396179969
831279407088148480
831282715
831982169253937152
832524310199824384
832616065259614209
832868873594556416
834081571493785600
834825983010107392
83487731
835552373615493120
836226687272632320
836833110
836896610797903873
83697509
837430244
837737528291647488
837787688
837806445680816128
83795099
838779194
838912397066846208
83923264
839420851099471873
84035041
840502412842541056
84083187
841168609
841345089184104448
841489249157468161
841613136843157504
841694471293173760
84174241
84198189
842194046604869632
842432472
842679437263028226
843275107686465536
843433646962999296
843556423548067840
843663054969614336
84391238
844136511079559168
844290324
84440344
8447362
845356118394097664
845795943479959552
845804107
846037320667217921
84645066
846829170
847899028826144768
848180033688612864
848691418591891456
8487622
848911132496723969
849457119325802496
849657093636468737
850273285
850343119451299841
850633596
850698541
850955642592309248
851051040
851211
85136737
851660614137135104
852171208619589632
85227160
852317652764606464
85289376
853185230
853711446
853711965541105664
853725283
854241227503529985
854320967648260098
855105015878385664
85568680
85583894
855996928374341633
856010760
856619222872576001
856852362278948864
856959757
857055061553414144
857185148990668801
857551308756312068
857737404987449345
85795383
858798678710071297
859313044987326464
859490352
859883348
860654500431880192
860715570
860963351677071360
861072985
862315394
862430010
862551721666465792
86257323
86302370
86327801
863438439232000003
863527548
863849562695487489
863963865276489728
864030687120281602
864202117
864560037821370369
864663235923820545
864890182482505728
86504013
86528019
866065134
86606520
86626845
866451086349144065
866512266467844096
866635558654803971
866724171304194048
866835150679625730
866958995784970241
867211584
86771350
867966382700240896
868112707
86832479
86868280
869061943
869290350715715584
869597948241432577
86970530
869825995
86989960
869988732212064256
870413586035855360
8705472
87060818
870629200348274688
870948229
87165980
871676753919578112
872139740
872143958847045632
872406600253919232
87278028
872947287584120832
873135988440223745
87321613
87358629
87371781
873847232
874006150399877120
874258472
874491475962118145
87461339
874757834952593409
874771245455245312
874913006
874916178
87502184
875612784863531008
876091408704315392
876558081026600963
877403265683656704
8775672
877629044828667905
87775422
878077672290758656
878197233941979137
878247600096509952
878284831
879147821915615233
879161563
8792192
879692702
879771304316071938
879810242153914368
87983041
880008290
880018682
880819093976170498
881288233367334913
881615056437297152
881708118903726080
881974187589603328
8820062
882759681667588096
883107461866987520
883265335356477440
884953515856187394
885029389494308869
885131602677858305
885571117
885889242538405888
886032877011558400
886060860
88661109
886776512426328064
887052266741616640
887719094677590017
888191407
88846611
888650520
88869834
888768519277608960
88896028
889291121146421250
889765401822973952
890041336753160193
89059001
89090040
890931539017687040
89152624
891954941530710017
892219807
892275857779118080
892377658847350786
89243448
892888425350561792
892906484
893039853901934592
893050282527125506
893060779972468736
893479800
893568606
894266328030343169
89442728
895056335150174209
895118100
895814938995957760
896126557
896166389332848640
896202053420056577
896428531357544450
897298082
89732551
897515348085190656
89820928
898231845925646336
898762021
898844695425503233
900669223122472960
900733668779544578
90107770
90146161
901703629
901932768
902620050636595203
903681781567651840
904206913889554432
904408999
904949673974214656
905207232769384448
905391470026170368
90552683
905645454
906082234490290176
90676132
907139600
90732175
907759856429527040
90918950
90927065
90949148
909814483782074368
91037233
91039220
910523023
910623276778405888
911379248467910656
912366222452420609
913536285461147649
914454931
91478624
914926030657327107
915236775962058752
915668644058865665
915959557570138112
916972497240719361
917201597247012864
917416223541022720
917442644
91882544
918913624395079680
919008127793500160
919586284670201857
919667724535648262
919965874311782400
92004163
920269934
920404478569967621
920943710254313472
921025101814030336
92163705
92173758
92186819
92210740
922294461186453504
923184361196937217
923231030160400384
924458224778137600
924707414
925440025331929089
925679969224634368
925850513761030149
92600725
926019424154349568
926063931201916928
926164634570067968
926214412050067456
926340910828290048
92636901
926542105287069696
926811657359077376
9273802
927388044
92759522
92759618
927818520
92896595
92900275
92932981
929823128259387392
929859631119323137
9299392
930131285737132032
930174438
930282753756749824
930419292
931239693534093312
931286316
931707648096923648
931767423417454592
931866703063076864
931972285149405186
932068755856936960
932315271372726272
932626948445966336
933784102834020352
93419198
934399189
934810674450059265
935116421977186304
93558188
935683098502729729
935942321756966912
935995333515141120
93600148
936078120
93618872
936747816269090816
936788589622435842
937019478
937057596334313473
937696388
937899468585828352
937972724563173376
938035304
938261383434637312
938489083
938556797144535040
939021992
939208429394051072
939378433
939486738543796224
93949528
93964759
939679358536507392
94079202
940876562
941055265054408704
941445693331427330
941552818355343360
941675887
941746639
941754604118831105
942156122
943546536
943906396180905984
94485569
94521885
945445862062387200
945693405694357504
946220419874467840
946344888
94701778
94741751
947924373029171200
948961748261810176
949681897
949688568674480128
949736130
950537289356099584
95064543
950861076
95091601
951199240373420032
951840618
952364011
952506773491060738
952599899782164480
952885954657816576
95340526
953665490936885248
953924228306305024
954247658
954263782070484992
954361158
955209557189578753
955767251449405440
95620187
95649904
95721440
957306920
957618134625775616
957654602958163969
95766807
958729147408310272
9589252
960419450
960468963007385601
960756196457070592
96092282
960969910913585153
961126023621472257
961134787
961168145980407808
961299362
962372344571314176
9624742
96276462
962820603995672577
963869922840395776
963938566068998145
964190420556279808
964227358218649600
964307489704546309
965004924370079744
965504664195162112
965715231505895430
965725772
966263603576889345
96648433
96675300
966786162907066368
967109552
967810396483674112
968008274003005440
968225030986493952
968258859126198277
968778669551439872
968842541222084610
96906231
969221141347913734
9695312
969781208321331201
970207298
97054224
970577438
970631905048760320
9707492
971210280
971466492356251648
971496853467549697
9715012
971712014589440001
9721292
972180115252752384
972491543666987008
973940563
97474887
975200486
975500192
975931752
97621178
976948534053343233
976995099170062338
977204844
977364895
97739866
977503490258878465
977883426870190081
977954172556361733
978265628426432512
978365475032793088
978604706
978606266040938496
978758798176382977
978776569916284928
978897142579449856
979183150742908928
979212105533440000
979390690600906752
97994396
980303274606669824
980357306
980415148035751936
98102533
98141307
981423572
982538772540567552
983115531296432130
983367555896127489
983508625
984172899308392448
984301467359170564
984500402350641152
984808496
985074227429621761
985243593538338816
98531971
985523859179925504
985572746
985749294
985916593065476096
987844879
988050983031885824
989572137554935808
989830747
989950356
990043728344748036
990056731
990915242526957569
991324136856346626
991546318580428802
99188075
992149270399725568
992335398943719424
993754833361489920
995002926446850049
995296201
995305842143645699
995764722
995789645354070021
996273172985954304
996585149344108545
99674560
996782106884927488
997519418492993537
997620077599035392
997682274
998825510552723456
999100031239118853
999834427
UNKNOWNUSER139656
UNKNOWNUSER139703
UNKNOWNUSER139732
UNKNOWNUSER139761
UNKNOWNUSER139790
UNKNOWNUSER139793
UNKNOWNUSER139856
UNKNOWNUSER139861
UNKNOWNUSER139945
UNKNOWNUSER139948
UNKNOWNUSER139966
UNKNOWNUSER140001
UNKNOWNUSER140003
UNKNOWNUSER140043
UNKNOWNUSER140047
UNKNOWNUSER140120
UNKNOWNUSER140160
UNKNOWNUSER140198
UNKNOWNUSER140259
UNKNOWNUSER140302
UNKNOWNUSER140328
UNKNOWNUSER140365
UNKNOWNUSER140420
UNKNOWNUSER140452
UNKNOWNUSER140536
UNKNOWNUSER140540
UNKNOWNUSER140578
UNKNOWNUSER140582
UNKNOWNUSER140603
UNKNOWNUSER140604
UNKNOWNUSER140635
UNKNOWNUSER140650
UNKNOWNUSER140679
UNKNOWNUSER140794
UNKNOWNUSER140856
UNKNOWNUSER140877
UNKNOWNUSER140929
UNKNOWNUSER141010
UNKNOWNUSER141045
UNKNOWNUSER141080
UNKNOWNUSER141105
UNKNOWNUSER141254
UNKNOWNUSER141256
UNKNOWNUSER141281
UNKNOWNUSER141305
UNKNOWNUSER141311
UNKNOWNUSER141426
UNKNOWNUSER141467
UNKNOWNUSER141785
UNKNOWNUSER141945
UNKNOWNUSER142028
UNKNOWNUSER142091
UNKNOWNUSER142092
UNKNOWNUSER142198
UNKNOWNUSER142236
UNKNOWNUSER142251
UNKNOWNUSER142269
UNKNOWNUSER142317
UNKNOWNUSER142351
UNKNOWNUSER142386
UNKNOWNUSER142387
UNKNOWNUSER142393
UNKNOWNUSER142407
UNKNOWNUSER142445
UNKNOWNUSER142453
UNKNOWNUSER142592
UNKNOWNUSER142660
UNKNOWNUSER142758
UNKNOWNUSER142812
UNKNOWNUSER142821
UNKNOWNUSER142825
UNKNOWNUSER142886
UNKNOWNUSER143027
UNKNOWNUSER143128
UNKNOWNUSER143135
UNKNOWNUSER143216
UNKNOWNUSER143217
UNKNOWNUSER143247
UNKNOWNUSER143269
UNKNOWNUSER143284
UNKNOWNUSER143310
UNKNOWNUSER143324
UNKNOWNUSER143346
UNKNOWNUSER143360
UNKNOWNUSER143389
UNKNOWNUSER143439
UNKNOWNUSER143466
UNKNOWNUSER143494
UNKNOWNUSER143523
UNKNOWNUSER143566
UNKNOWNUSER143668
UNKNOWNUSER143703
UNKNOWNUSER143753
UNKNOWNUSER143767
UNKNOWNUSER143787
UNKNOWNUSER143794
UNKNOWNUSER143885
UNKNOWNUSER143919
UNKNOWNUSER143926
UNKNOWNUSER144062
UNKNOWNUSER144079
UNKNOWNUSER144082
UNKNOWNUSER144167
UNKNOWNUSER144168
UNKNOWNUSER144215
UNKNOWNUSER144254
UNKNOWNUSER144256
UNKNOWNUSER144299
UNKNOWNUSER144303
UNKNOWNUSER144314
UNKNOWNUSER144325
UNKNOWNUSER144326
UNKNOWNUSER144331
UNKNOWNUSER144368
UNKNOWNUSER144373
UNKNOWNUSER144402
UNKNOWNUSER144432
UNKNOWNUSER144453
UNKNOWNUSER144461
UNKNOWNUSER144486
UNKNOWNUSER144510
UNKNOWNUSER144512
UNKNOWNUSER144517
UNKNOWNUSER144543
UNKNOWNUSER144551
UNKNOWNUSER144555
UNKNOWNUSER144560
UNKNOWNUSER144576
UNKNOWNUSER144607
UNKNOWNUSER144689
UNKNOWNUSER144731
UNKNOWNUSER144747
UNKNOWNUSER144823
UNKNOWNUSER144838
UNKNOWNUSER144840
UNKNOWNUSER144861
UNKNOWNUSER144925
UNKNOWNUSER144941
UNKNOWNUSER144946
UNKNOWNUSER144966
UNKNOWNUSER144975
UNKNOWNUSER144988
UNKNOWNUSER145007
UNKNOWNUSER145034
UNKNOWNUSER145048
UNKNOWNUSER145064
UNKNOWNUSER145077
UNKNOWNUSER145079
UNKNOWNUSER145085
UNKNOWNUSER145134
UNKNOWNUSER145153
UNKNOWNUSER145210
UNKNOWNUSER145217
UNKNOWNUSER145239
UNKNOWNUSER145246
UNKNOWNUSER145257
UNKNOWNUSER145288
UNKNOWNUSER145316
UNKNOWNUSER145321
UNKNOWNUSER145338
UNKNOWNUSER145402
UNKNOWNUSER145472
UNKNOWNUSER145504
UNKNOWNUSER145505
